0 15 1.00000000
0 29 1.00000000
0 35 1.00000000
0 44 1.00000000
0 67 1.00000000
0 70 1.00000000
0 76 1.00000000
0 90 1.00000000
1 9 1.00000000
1 14 1.00000000
1 15 1.00000000
1 16 1.00000000
1 17 1.00000000
1 20 1.00000000
1 22 1.00000000
1 61 1.00000000
1 70 1.00000000
1 83 1.00000000
1 94 1.00000000
1 96 1.00000000
2 8 1.00000000
2 13 1.00000000
2 27 1.00000000
2 42 1.00000000
2 55 1.00000000
2 56 1.00000000
2 60 1.00000000
2 61 1.00000000
2 70 1.00000000
2 74 1.00000000
2 88 1.00000000
2 90 1.00000000
2 95 1.00000000
2 97 1.00000000
2 98 1.00000000
3 15 1.00000000
3 16 1.00000000
3 25 1.00000000
3 33 1.00000000
3 34 1.00000000
3 35 1.00000000
3 43 1.00000000
3 58 1.00000000
3 64 1.00000000
3 66 1.00000000
3 78 1.00000000
3 79 1.00000000
3 88 1.00000000
3 99 1.00000000
4 12 1.00000000
4 15 1.00000000
4 17 1.00000000
4 18 1.00000000
4 26 1.00000000
4 28 1.00000000
4 40 1.00000000
4 54 1.00000000
4 56 1.00000000
4 57 1.00000000
4 60 1.00000000
4 75 1.00000000
4 78 1.00000000
4 79 1.00000000
4 98 1.00000000
5 9 1.00000000
5 16 1.00000000
5 19 1.00000000
5 37 1.00000000
5 38 1.00000000
5 41 1.00000000
5 42 1.00000000
5 46 1.00000000
5 48 1.00000000
5 52 1.00000000
5 54 1.00000000
5 55 1.00000000
5 74 1.00000000
5 96 1.00000000
5 99 1.00000000
6 13 1.00000000
6 26 1.00000000
6 28 1.00000000
6 29 1.00000000
6 38 1.00000000
6 45 1.00000000
6 47 1.00000000
6 59 1.00000000
6 64 1.00000000
6 70 1.00000000
6 78 1.00000000
6 89 1.00000000
6 99 1.00000000
7 12 1.00000000
7 28 1.00000000
7 33 1.00000000
7 44 1.00000000
7 50 1.00000000
7 67 1.00000000
7 83 1.00000000
7 89 1.00000000
8 17 1.00000000
8 23 1.00000000
8 28 1.00000000
8 56 1.00000000
8 69 1.00000000
8 82 1.00000000
8 87 1.00000000
8 94 1.00000000
9 11 1.00000000
9 23 1.00000000
9 27 1.00000000
9 40 1.00000000
9 51 1.00000000
9 57 1.00000000
9 58 1.00000000
9 69 1.00000000
9 74 1.00000000
9 76 1.00000000
9 93 1.00000000
10 19 1.00000000
10 30 1.00000000
10 43 1.00000000
10 51 1.00000000
10 66 1.00000000
10 91 1.00000000
10 99 1.00000000
11 19 1.00000000
11 36 1.00000000
11 37 1.00000000
11 45 1.00000000
11 55 1.00000000
11 64 1.00000000
11 68 1.00000000
11 83 1.00000000
11 92 1.00000000
11 99 1.00000000
12 23 1.00000000
12 26 1.00000000
12 28 1.00000000
12 31 1.00000000
12 38 1.00000000
12 46 1.00000000
12 54 1.00000000
12 64 1.00000000
12 81 1.00000000
13 21 1.00000000
13 23 1.00000000
13 26 1.00000000
13 31 1.00000000
13 33 1.00000000
13 36 1.00000000
13 46 1.00000000
13 50 1.00000000
13 57 1.00000000
13 82 1.00000000
13 91 1.00000000
14 16 1.00000000
14 19 1.00000000
14 26 1.00000000
14 38 1.00000000
14 41 1.00000000
14 48 1.00000000
14 58 1.00000000
14 61 1.00000000
14 67 1.00000000
14 70 1.00000000
14 71 1.00000000
14 77 1.00000000
14 79 1.00000000
14 90 1.00000000
14 92 1.00000000
14 96 1.00000000
15 23 1.00000000
15 26 1.00000000
15 33 1.00000000
15 37 1.00000000
15 39 1.00000000
15 53 1.00000000
15 56 1.00000000
15 61 1.00000000
15 63 1.00000000
15 82 1.00000000
15 84 1.00000000
15 85 1.00000000
15 87 1.00000000
15 93 1.00000000
15 96 1.00000000
15 99 1.00000000
16 20 1.00000000
16 27 1.00000000
16 45 1.00000000
16 53 1.00000000
16 62 1.00000000
16 85 1.00000000
16 89 1.00000000
16 91 1.00000000
16 97 1.00000000
17 33 1.00000000
17 59 1.00000000
17 76 1.00000000
17 85 1.00000000
18 31 1.00000000
18 47 1.00000000
18 48 1.00000000
18 49 1.00000000
18 52 1.00000000
18 60 1.00000000
18 63 1.00000000
18 64 1.00000000
18 68 1.00000000
18 85 1.00000000
18 87 1.00000000
19 41 1.00000000
19 68 1.00000000
19 69 1.00000000
19 72 1.00000000
19 78 1.00000000
19 80 1.00000000
19 94 1.00000000
20 27 1.00000000
20 30 1.00000000
20 47 1.00000000
20 55 1.00000000
20 60 1.00000000
20 64 1.00000000
20 76 1.00000000
20 87 1.00000000
20 88 1.00000000
20 89 1.00000000
20 98 1.00000000
21 24 1.00000000
21 31 1.00000000
21 54 1.00000000
21 61 1.00000000
21 80 1.00000000
21 93 1.00000000
21 98 1.00000000
22 55 1.00000000
22 58 1.00000000
22 70 1.00000000
22 73 1.00000000
22 80 1.00000000
22 99 1.00000000
23 27 1.00000000
23 31 1.00000000
23 32 1.00000000
23 37 1.00000000
23 69 1.00000000
24 36 1.00000000
24 48 1.00000000
24 69 1.00000000
24 81 1.00000000
24 84 1.00000000
24 87 1.00000000
24 91 1.00000000
25 37 1.00000000
25 39 1.00000000
25 55 1.00000000
25 56 1.00000000
25 58 1.00000000
25 61 1.00000000
25 76 1.00000000
25 85 1.00000000
26 27 1.00000000
26 33 1.00000000
26 36 1.00000000
26 37 1.00000000
26 42 1.00000000
26 45 1.00000000
26 65 1.00000000
26 66 1.00000000
26 68 1.00000000
26 77 1.00000000
26 81 1.00000000
26 87 1.00000000
26 91 1.00000000
26 94 1.00000000
27 35 1.00000000
27 36 1.00000000
27 41 1.00000000
27 53 1.00000000
27 63 1.00000000
27 70 1.00000000
27 78 1.00000000
28 31 1.00000000
28 37 1.00000000
28 61 1.00000000
28 63 1.00000000
28 91 1.00000000
28 94 1.00000000
29 42 1.00000000
29 44 1.00000000
29 53 1.00000000
29 59 1.00000000
29 67 1.00000000
29 75 1.00000000
29 81 1.00000000
29 86 1.00000000
29 94 1.00000000
29 99 1.00000000
30 31 1.00000000
30 39 1.00000000
30 42 1.00000000
30 43 1.00000000
30 51 1.00000000
30 66 1.00000000
30 84 1.00000000
30 87 1.00000000
31 41 1.00000000
31 44 1.00000000
31 60 1.00000000
31 73 1.00000000
31 81 1.00000000
31 83 1.00000000
32 38 1.00000000
32 43 1.00000000
32 46 1.00000000
32 51 1.00000000
32 58 1.00000000
32 65 1.00000000
32 71 1.00000000
33 36 1.00000000
33 38 1.00000000
33 44 1.00000000
33 50 1.00000000
33 65 1.00000000
33 78 1.00000000
33 80 1.00000000
33 84 1.00000000
33 85 1.00000000
33 92 1.00000000
33 94 1.00000000
33 96 1.00000000
34 42 1.00000000
34 46 1.00000000
34 47 1.00000000
34 54 1.00000000
34 58 1.00000000
34 60 1.00000000
34 72 1.00000000
34 96 1.00000000
34 97 1.00000000
35 44 1.00000000
35 69 1.00000000
35 72 1.00000000
35 75 1.00000000
36 56 1.00000000
36 77 1.00000000
36 79 1.00000000
36 84 1.00000000
36 89 1.00000000
36 90 1.00000000
36 98 1.00000000
37 49 1.00000000
37 62 1.00000000
37 79 1.00000000
37 92 1.00000000
38 42 1.00000000
38 51 1.00000000
38 53 1.00000000
38 59 1.00000000
38 64 1.00000000
38 70 1.00000000
38 90 1.00000000
38 92 1.00000000
38 93 1.00000000
38 96 1.00000000
38 99 1.00000000
39 49 1.00000000
39 54 1.00000000
39 82 1.00000000
39 93 1.00000000
39 95 1.00000000
40 43 1.00000000
40 49 1.00000000
40 50 1.00000000
40 51 1.00000000
40 60 1.00000000
40 64 1.00000000
40 66 1.00000000
40 73 1.00000000
40 87 1.00000000
40 97 1.00000000
41 43 1.00000000
41 45 1.00000000
41 60 1.00000000
41 66 1.00000000
41 82 1.00000000
41 89 1.00000000
42 44 1.00000000
42 77 1.00000000
42 84 1.00000000
42 89 1.00000000
42 91 1.00000000
42 93 1.00000000
42 94 1.00000000
43 51 1.00000000
43 54 1.00000000
43 55 1.00000000
43 57 1.00000000
43 59 1.00000000
43 74 1.00000000
43 91 1.00000000
43 94 1.00000000
44 49 1.00000000
44 60 1.00000000
44 77 1.00000000
44 81 1.00000000
44 88 1.00000000
44 90 1.00000000
45 63 1.00000000
45 66 1.00000000
45 73 1.00000000
45 76 1.00000000
45 89 1.00000000
45 91 1.00000000
45 98 1.00000000
45 99 1.00000000
46 55 1.00000000
46 59 1.00000000
46 64 1.00000000
46 73 1.00000000
46 83 1.00000000
46 87 1.00000000
46 88 1.00000000
46 94 1.00000000
47 66 1.00000000
47 67 1.00000000
47 70 1.00000000
47 73 1.00000000
47 81 1.00000000
47 83 1.00000000
47 91 1.00000000
48 49 1.00000000
48 62 1.00000000
48 68 1.00000000
48 72 1.00000000
48 86 1.00000000
48 89 1.00000000
48 97 1.00000000
49 53 1.00000000
49 62 1.00000000
49 66 1.00000000
49 86 1.00000000
49 91 1.00000000
50 53 1.00000000
50 57 1.00000000
50 58 1.00000000
50 63 1.00000000
50 65 1.00000000
50 73 1.00000000
50 80 1.00000000
50 95 1.00000000
50 97 1.00000000
51 61 1.00000000
51 79 1.00000000
51 81 1.00000000
51 88 1.00000000
51 90 1.00000000
52 58 1.00000000
52 66 1.00000000
52 77 1.00000000
52 95 1.00000000
52 96 1.00000000
53 76 1.00000000
53 95 1.00000000
53 97 1.00000000
54 60 1.00000000
54 79 1.00000000
54 83 1.00000000
54 86 1.00000000
54 88 1.00000000
54 91 1.00000000
55 64 1.00000000
55 70 1.00000000
55 73 1.00000000
55 76 1.00000000
55 77 1.00000000
55 95 1.00000000
55 97 1.00000000
56 60 1.00000000
56 61 1.00000000
56 77 1.00000000
56 78 1.00000000
56 86 1.00000000
57 64 1.00000000
57 69 1.00000000
57 72 1.00000000
57 84 1.00000000
57 86 1.00000000
57 87 1.00000000
58 62 1.00000000
58 66 1.00000000
58 69 1.00000000
58 75 1.00000000
58 89 1.00000000
59 60 1.00000000
59 91 1.00000000
59 92 1.00000000
59 98 1.00000000
60 63 1.00000000
60 74 1.00000000
60 94 1.00000000
60 95 1.00000000
61 65 1.00000000
61 66 1.00000000
61 80 1.00000000
61 90 1.00000000
61 99 1.00000000
62 77 1.00000000
62 87 1.00000000
63 70 1.00000000
63 77 1.00000000
63 91 1.00000000
63 98 1.00000000
64 76 1.00000000
64 90 1.00000000
64 95 1.00000000
65 74 1.00000000
65 81 1.00000000
65 85 1.00000000
65 86 1.00000000
65 95 1.00000000
65 99 1.00000000
66 79 1.00000000
66 82 1.00000000
66 89 1.00000000
66 90 1.00000000
67 72 1.00000000
67 79 1.00000000
67 98 1.00000000
67 99 1.00000000
68 71 1.00000000
68 76 1.00000000
68 79 1.00000000
68 80 1.00000000
68 94 1.00000000
68 98 1.00000000
69 71 1.00000000
69 89 1.00000000
69 94 1.00000000
70 89 1.00000000
70 91 1.00000000
71 80 1.00000000
71 84 1.00000000
71 85 1.00000000
71 96 1.00000000
73 75 1.00000000
73 76 1.00000000
73 80 1.00000000
73 81 1.00000000
73 84 1.00000000
73 93 1.00000000
73 96 1.00000000
73 98 1.00000000
74 76 1.00000000
74 79 1.00000000
74 80 1.00000000
74 88 1.00000000
74 95 1.00000000
75 76 1.00000000
75 85 1.00000000
75 96 1.00000000
76 82 1.00000000
76 94 1.00000000
77 78 1.00000000
77 84 1.00000000
78 79 1.00000000
79 80 1.00000000
79 92 1.00000000
79 93 1.00000000
79 95 1.00000000
80 87 1.00000000
80 89 1.00000000
80 92 1.00000000
81 93 1.00000000
82 88 1.00000000
82 90 1.00000000
83 87 1.00000000
83 95 1.00000000
84 88 1.00000000
85 90 1.00000000
85 99 1.00000000
86 87 1.00000000
86 97 1.00000000
87 90 1.00000000
87 95 1.00000000
87 99 1.00000000
89 91 1.00000000
89 97 1.00000000
89 99 1.00000000
91 92 1.00000000
91 99 1.00000000
95 97 1.00000000
95 98 1.00000000
