0 15 1.56729269
0 29 3.87950110
0 35 0.54127729
0 44 1.77357852
0 70 2.47305155
0 76 1.52586222
0 90 2.05202174
1 9 2.15133739
1 14 1.73239172
1 15 0.95264226
1 17 1.58805311
1 20 0.40810171
1 70 0.67584741
1 94 1.00870037
2 13 0.90154791
2 55 1.56346679
2 56 0.00000000
2 61 0.65596342
2 88 0.43492940
2 90 0.22504134
2 97 0.89432520
3 15 1.80015242
3 25 0.85690075
3 35 0.71896833
3 43 1.44631362
3 64 2.46853161
3 78 0.10296503
3 88 1.45552433
4 12 0.71995765
4 17 1.25984466
4 18 0.74437904
4 28 1.28622508
4 40 0.36906543
4 57 0.40201154
4 60 2.34540486
4 75 1.83103812
5 16 1.50343251
5 38 0.43004325
5 41 0.18486868
5 42 1.01871133
5 46 1.40085769
5 74 1.12468684
6 28 0.09819805
6 29 1.44884300
6 38 1.62685180
6 47 1.13442719
6 59 0.58038008
6 64 0.33201835
6 78 1.37887454
6 89 0.14710781
6 99 2.75457191
7 33 2.56129980
7 50 0.75485259
7 89 1.69829392
8 17 1.32463717
8 28 1.47693121
8 56 1.08235693
8 82 2.11580253
8 87 0.06398700
8 94 1.70130885
9 23 0.66265631
9 27 1.90539503
9 40 1.86757839
10 19 0.21526892
10 30 0.16579784
10 43 0.72737843
10 66 1.03341484
10 99 1.79133046
11 36 0.84629625
11 83 1.03340769
11 92 2.12867427
11 99 0.38580734
12 26 0.42823088
12 28 0.93263197
12 31 0.89362359
12 64 2.31825924
13 26 1.12032783
13 31 1.59075332
13 33 0.54540879
13 46 0.14560258
13 50 0.40720791
14 16 0.18801029
14 48 0.98269606
14 58 0.49877453
14 71 1.13073730
14 90 1.76007605
14 92 1.12373412
15 33 1.26841402
15 39 1.81732869
15 87 1.96804762
15 93 3.11250520
15 96 1.57510889
16 20 0.04379248
16 97 1.41299951
17 33 0.48167118
17 59 0.52377486
17 76 1.96659219
18 47 0.33156157
18 49 1.66713083
18 52 0.37872845
18 60 1.49295831
18 63 0.23464856
18 64 0.24169077
18 85 0.54771888
19 72 2.54774356
19 78 0.42809322
19 94 0.76913112
20 55 1.69184971
20 60 2.33919120
20 88 0.28653851
21 31 1.53352964
21 80 0.52859378
21 98 0.39549387
22 70 1.69268191
22 73 1.52407312
22 80 0.93078905
22 99 1.93249714
23 32 1.86473072
23 69 1.37482631
24 36 0.95428133
24 48 0.62809825
24 81 0.83441740
24 87 0.14183891
24 91 1.64367199
25 56 1.91543031
26 36 0.76250714
26 42 0.60558647
26 66 0.25991940
26 81 2.02599072
26 87 1.78285420
26 91 0.49082541
27 35 0.94319648
27 41 0.03626051
27 70 0.30907768
27 78 1.41151214
28 61 2.43547320
28 63 0.49639547
29 42 0.64575869
29 59 1.35348487
29 75 0.66383582
29 81 0.74139863
29 99 1.04899359
30 31 1.53529668
30 87 2.58956504
31 44 1.42959177
31 60 1.05240691
32 43 2.17573929
32 51 1.25633156
33 50 0.99069923
33 65 1.85760224
33 78 0.58803648
33 80 0.69313657
33 85 1.23360515
33 96 1.56677628
34 47 1.79427552
34 54 1.26340663
34 96 1.06369674
34 97 1.85826254
35 44 1.59308124
35 72 0.16299331
36 84 2.02914071
36 90 1.96135950
36 98 0.67617959
37 92 1.49793744
38 42 2.14170122
38 53 0.37214631
38 90 0.48588392
38 92 1.22052848
38 99 1.03325522
39 54 1.40834212
39 95 0.23023237
40 43 0.50076753
40 50 0.22968891
40 51 0.73008800
40 60 1.60815120
41 60 0.05347081
41 82 2.51652622
42 77 0.43055624
42 91 2.28099394
42 94 0.57084739
43 51 0.35723916
43 54 0.51871395
44 49 1.02132690
44 81 0.04633720
45 66 0.50950301
45 73 0.13214761
45 89 2.15576863
46 55 0.23154497
46 64 0.14431615
46 87 1.02157533
47 66 1.25265694
47 70 0.02607401
47 73 0.17572962
47 81 0.32974488
47 83 1.24960065
48 62 2.16089630
48 68 2.04487896
48 89 0.40328407
49 53 2.46051931
49 62 0.48718163
49 66 1.46851337
50 58 1.57283533
50 63 1.94268215
50 73 0.83239132
50 80 1.29242504
51 61 0.60725093
51 81 1.42023849
51 88 1.80683661
52 66 0.08603404
53 76 1.60422480
53 95 1.94762349
53 97 0.73549432
54 60 0.44878978
54 88 0.60331464
55 64 1.88562679
55 73 0.12217019
55 77 0.73808354
55 97 0.66469330
56 61 0.88933742
56 86 0.27412543
57 64 0.16922590
57 69 0.23714156
58 66 0.81336951
58 75 1.15336144
58 89 1.94156647
59 60 1.54703438
59 92 2.24237871
59 98 0.33329830
60 63 1.21967709
60 74 1.77853167
60 94 2.44932961
60 95 2.26124978
61 65 0.70175308
61 66 1.08797419
61 99 1.70850825
62 77 2.62606907
63 77 2.08145189
63 91 1.66808891
64 76 1.16135454
64 90 0.41198987
64 95 0.95563394
65 74 1.61188793
65 81 0.63925803
65 85 0.08986396
65 86 0.17446691
66 90 1.12619948
68 79 2.02945614
68 94 1.33008039
68 98 0.70870250
69 71 1.28212309
69 94 2.28878689
70 89 1.28955150
71 80 0.80317342
71 84 0.15167347
71 85 1.37971854
71 96 0.97763753
73 84 2.29689717
73 93 1.14351332
74 79 0.30210111
74 80 0.58901721
74 88 1.17967868
75 76 1.37856734
75 96 1.38929951
76 82 0.27215350
76 94 0.63473219
77 78 1.56648576
77 84 0.91754764
78 79 1.25509834
79 80 0.31650969
79 93 0.92588192
80 89 1.64092135
80 92 1.07993937
81 93 0.10902771
82 88 3.09375858
83 95 0.83411616
84 88 1.24799001
86 87 1.26227140
86 97 2.20747304
87 95 1.19824183
87 99 1.99616766
89 91 0.79677737
89 99 1.34876680
91 99 1.12269557
95 97 0.50672174
