0 15 1.40430903
0 29 1.53688562
0 35 1.83138871
0 44 1.36047876
0 67 0.81190252
0 70 1.16184878
0 76 0.82874507
0 90 0.43565944
1 9 0.05323676
1 14 1.72997546
1 15 1.29769337
1 16 0.86534357
1 17 0.71653289
1 20 1.67181158
1 22 0.61034495
1 61 0.37444350
1 70 0.74834532
1 83 1.33942842
1 94 1.31015658
1 96 0.99885893
2 8 1.79080963
2 13 0.65183496
2 27 0.99340498
2 42 1.36301959
2 55 0.61414182
2 56 0.41529310
2 60 0.82596374
2 61 0.03979776
2 70 1.23675215
2 74 1.36669886
2 88 1.39902222
2 90 1.91998053
2 95 0.50076032
2 97 0.10592368
2 98 0.58703971
3 15 0.06089665
3 16 0.10782025
3 25 1.02814841
3 33 0.44974563
3 34 0.46446115
3 35 1.61861706
3 43 1.56991613
3 58 1.40680993
3 64 0.58494866
3 66 1.52408135
3 78 0.51534414
3 79 0.35734558
3 88 1.67456508
3 99 1.61269987
4 12 0.08267080
4 15 1.73534334
4 17 1.75337291
4 18 0.33638373
4 26 0.43299818
4 28 0.70661485
4 40 0.38788101
4 54 0.48781464
4 56 1.22288370
4 57 0.92158622
4 60 0.19815737
4 75 0.94466442
4 78 0.67423099
4 79 1.93554950
4 98 0.54746449
5 9 0.15588345
5 16 0.33048686
5 19 1.87704206
5 37 0.52298224
5 38 0.28418437
5 41 1.62148499
5 42 0.87957454
5 46 1.63966179
5 48 0.24414216
5 52 1.56370366
5 54 1.94370246
5 55 0.02287848
5 74 0.26133555
5 96 0.58329821
5 99 0.06894790
6 13 1.88443029
6 26 1.27758288
6 28 0.84890330
6 29 0.94930798
6 38 1.20645308
6 45 1.04904413
6 47 0.23033890
6 59 1.55973005
6 64 0.33729240
6 70 0.73725796
6 78 0.29200765
6 89 1.10064197
6 99 0.69958121
7 12 0.86789471
7 28 0.98137254
7 33 1.44955599
7 44 0.99080449
7 50 0.03793014
7 67 0.34659612
7 83 0.58813727
7 89 0.57838404
8 17 0.76148266
8 23 0.67003852
8 28 1.51902270
8 56 0.42019600
8 69 1.93790197
8 82 0.74345523
8 87 0.02473139
8 94 0.61391085
9 11 1.17838395
9 23 1.17898560
9 27 0.84584183
9 40 0.12398843
9 51 0.51514095
9 57 1.61224604
9 58 0.06954092
9 69 0.07726628
9 74 1.51878107
9 76 0.00309959
9 93 0.92202622
10 19 1.25425375
10 30 1.75375807
10 43 1.23537922
10 51 1.44553757
10 66 0.06235750
10 91 1.77524602
10 99 0.88409275
11 19 0.83321935
11 36 1.70814216
11 37 0.14716789
11 45 0.94951636
11 55 1.32838440
11 64 0.79375434
11 68 0.14577481
11 83 1.79266739
11 92 0.06031560
11 99 0.45156565
12 23 0.32668748
12 26 0.26583052
12 28 0.12104242
12 31 0.08710159
12 38 1.02116978
12 46 1.00704372
12 54 0.11150236
12 64 0.43511418
12 81 1.02700388
13 21 1.68852127
13 23 0.26152396
13 26 0.86650610
13 31 1.84408998
13 33 0.44691199
13 36 0.86675954
13 46 1.16560256
13 50 1.01052547
13 57 0.34570357
13 82 0.93559748
13 91 1.29053235
14 16 0.31483433
14 19 0.91068548
14 26 1.14687240
14 38 1.09771538
14 41 0.23138906
14 48 0.64036894
14 58 1.02735007
14 61 0.97459710
14 67 1.72329152
14 70 0.34723696
14 71 0.52755612
14 77 0.96465176
14 79 0.49579325
14 90 1.48254609
14 92 0.36263829
14 96 1.38277280
15 23 1.87195909
15 26 1.28101945
15 33 0.45489085
15 37 1.72894275
15 39 0.12524852
15 53 0.37469640
15 56 1.25487792
15 61 0.16375329
15 63 1.16463745
15 82 0.80755186
15 84 1.67205048
15 85 0.50920802
15 87 1.41354668
15 93 1.43031704
15 96 0.65863585
15 99 1.03347719
16 20 0.10569277
16 27 0.10630914
16 45 0.85866737
16 53 1.46556449
16 62 1.54942584
16 85 1.18349886
16 89 1.23848093
16 91 0.87899196
16 97 0.65002918
17 33 0.33833545
17 59 0.50908405
17 76 1.49519277
17 85 0.72312218
18 31 0.42131287
18 47 1.28042018
18 48 0.11056695
18 49 0.54886103
18 52 0.53413147
18 60 0.93938971
18 63 0.65309364
18 64 0.55381805
18 68 1.73080611
18 85 0.42872071
18 87 1.83501339
19 41 0.12464833
19 68 0.76369458
19 69 0.67905051
19 72 0.51259172
19 78 0.52648485
19 80 0.75210673
19 94 0.29904127
20 27 0.03698785
20 30 0.67449141
20 47 1.26329672
20 55 0.74081659
20 60 1.23412323
20 64 1.66604435
20 76 1.33259606
20 87 0.81785244
20 88 0.08235011
20 89 0.85959601
20 98 0.43215814
21 24 1.70061851
21 31 0.54091877
21 54 0.63583308
21 61 1.27990830
21 80 0.85701215
21 93 1.07798517
21 98 0.03485873
22 55 0.75394952
22 58 0.41829133
22 70 1.36671877
22 73 1.39920890
22 80 0.11803441
22 99 0.56485635
23 27 0.65361518
23 31 0.22650254
23 32 1.60467160
23 37 1.21084571
23 69 1.06820405
24 36 1.50524521
24 48 1.52287579
24 69 0.41149697
24 81 1.87312067
24 84 1.74671328
24 87 0.67037427
24 91 0.73512405
25 37 0.25180402
25 39 0.20853989
25 55 0.22164811
25 56 0.15895534
25 58 0.37383002
25 61 1.55682683
25 76 0.06350429
25 85 0.23648031
26 27 1.47216558
26 33 0.22134452
26 36 0.75030553
26 37 1.83298135
26 42 1.68532431
26 45 1.45664024
26 65 0.25906873
26 66 0.66641235
26 68 1.12242186
26 77 1.48549175
26 81 0.96602792
26 87 0.62039876
26 91 1.33663833
26 94 1.59537864
27 35 1.90857005
27 36 1.05807972
27 41 1.48548722
27 53 1.68452859
27 63 0.04588273
27 70 1.25718188
27 78 0.22884507
28 31 0.38029200
28 37 0.95171195
28 61 0.49097857
28 63 1.71591640
28 91 1.67399406
28 94 0.43474191
29 42 1.68576181
29 44 1.95491648
29 53 1.92403889
29 59 1.31311834
29 67 1.87209642
29 75 0.07868657
29 81 0.34195665
29 86 1.78542352
29 94 0.99011022
29 99 0.07966938
30 31 0.70843744
30 39 0.09841152
30 42 0.20241377
30 43 1.14935720
30 51 0.72619206
30 66 0.41109762
30 84 1.97513759
30 87 1.84806573
31 41 0.98174864
31 44 1.10252774
31 60 0.94438970
31 73 1.16868258
31 81 1.93202770
31 83 0.55254120
32 38 0.10682413
32 43 1.55937970
32 46 0.58524919
32 51 0.33760768
32 58 1.16595519
32 65 0.49578413
32 71 0.34060553
33 36 0.87907863
33 38 0.87085050
33 44 0.69082075
33 50 0.67411077
33 65 1.18103671
33 78 1.25770676
33 80 1.61289203
33 84 1.89100444
33 85 0.75191617
33 92 1.93128324
33 94 0.43952975
33 96 1.78664505
34 42 1.66912663
34 46 1.26381719
34 47 1.87723875
34 54 0.37459540
34 58 0.62672442
34 60 0.04032737
34 72 1.80321789
34 96 0.58784604
34 97 1.01184666
35 44 0.43410656
35 69 0.32239357
35 72 1.59960926
35 75 1.49268723
36 56 0.51738846
36 77 1.87468481
36 79 0.89403033
36 84 1.46712315
36 89 1.43794656
36 90 0.20583603
36 98 0.51485491
37 49 0.27334532
37 62 1.66679037
37 79 0.61838734
37 92 1.88260329
38 42 1.37370491
38 51 1.67250526
38 53 1.78922176
38 59 0.24278650
38 64 1.37391520
38 70 0.11181664
38 90 1.05731547
38 92 1.30552101
38 93 1.43942976
38 96 0.20272794
38 99 0.03302356
39 49 1.14341545
39 54 0.61485100
39 82 1.18265593
39 93 1.03952861
39 95 0.63624829
40 43 1.78216088
40 49 1.00739777
40 50 1.94930184
40 51 0.43582681
40 60 1.75283337
40 64 1.33476055
40 66 0.85199094
40 73 0.84843880
40 87 0.74998814
40 97 0.24807715
41 43 0.99885136
41 45 0.07675840
41 60 0.05117991
41 66 0.97398353
41 82 1.38477528
41 89 0.23506807
42 44 1.71613777
42 77 1.26247442
42 84 0.19592053
42 89 0.84618276
42 91 1.82585406
42 93 0.44507626
42 94 0.18302275
43 51 1.96321034
43 54 1.11042595
43 55 0.00628985
43 57 0.22322251
43 59 1.70209503
43 74 1.95214486
43 91 0.81978661
43 94 0.21433952
44 49 1.33184910
44 60 0.94808733
44 77 1.89675844
44 81 1.91039777
44 88 0.84893614
44 90 1.98174584
45 63 1.69039357
45 66 1.02894366
45 73 0.22757332
45 76 1.17321014
45 89 1.48942518
45 91 0.48289645
45 98 0.95243287
45 99 0.27939036
46 55 1.10327053
46 59 0.84302616
46 64 0.46621928
46 73 0.56116027
46 83 1.76525080
46 87 1.45304751
46 88 1.06020081
46 94 0.98267829
47 66 1.76094866
47 67 0.69749588
47 70 0.17381267
47 73 1.60183203
47 81 1.16455925
47 83 1.98784339
47 91 0.66275728
48 49 0.69437790
48 62 0.93084788
48 68 1.24550486
48 72 0.69327980
48 86 1.68622160
48 89 0.96863425
48 97 0.14891206
49 53 1.43407881
49 62 1.19443452
49 66 1.73631001
49 86 0.50370812
49 91 1.61453247
50 53 0.16815734
50 57 0.60354763
50 58 1.02584875
50 63 0.59441352
50 65 1.02722347
50 73 0.34245792
50 80 1.60950184
50 95 0.29379767
50 97 0.29804567
51 61 0.57901639
51 79 1.87352037
51 81 1.80240035
51 88 1.77589703
51 90 0.85180908
52 58 1.66260064
52 66 1.17118943
52 77 0.47476199
52 95 0.99743354
52 96 0.29858863
53 76 1.19987261
53 95 1.20331061
53 97 1.29356599
54 60 0.78993452
54 79 1.53005278
54 83 0.07548153
54 86 0.04735978
54 88 0.40598738
54 91 0.36166817
55 64 0.35099146
55 70 1.78805280
55 73 1.60562742
55 76 0.09380993
55 77 1.55614388
55 95 0.40850180
55 97 1.78822422
56 60 0.16553153
56 61 1.20840693
56 77 0.56822670
56 78 1.27378750
56 86 1.46706069
57 64 1.40767455
57 69 0.03582077
57 72 1.14838660
57 84 1.68571055
57 86 0.29041186
57 87 1.76723135
58 62 1.53865087
58 66 0.46832523
58 69 0.53368402
58 75 1.48982465
58 89 1.69553983
59 60 1.83783078
59 91 1.08746576
59 92 1.76736867
59 98 0.40977252
60 63 0.27439374
60 74 1.32765675
60 94 1.31855321
60 95 0.72796702
61 65 0.55133545
61 66 1.82923627
61 80 0.51625156
61 90 0.26049352
61 99 0.52329147
62 77 0.80937791
62 87 0.32812244
63 70 0.60550517
63 77 0.91464764
63 91 1.02687180
63 98 1.68060660
64 76 0.18218052
64 90 0.36766618
64 95 0.07553829
65 74 1.29103529
65 81 0.01773425
65 85 1.69173574
65 86 1.66505420
65 95 0.78049749
65 99 0.48789567
66 79 1.35837162
66 82 0.67725480
66 89 1.69060969
66 90 0.40223721
67 72 0.09180805
67 79 0.49546158
67 98 0.02574331
67 99 0.77413112
68 71 0.93442792
68 76 0.61328602
68 79 1.84311795
68 80 1.53843939
68 94 0.26113045
68 98 0.79539400
69 71 0.01913929
69 89 1.27706182
69 94 1.44539869
70 89 1.17542529
70 91 0.65950221
71 80 1.13517666
71 84 0.04107815
71 85 0.53350753
71 96 1.02325428
73 75 1.80350459
73 76 0.74831587
73 80 0.67113757
73 81 1.10299337
73 84 0.02618357
73 93 1.12460053
73 96 1.41677248
73 98 1.11079514
74 76 1.45963371
74 79 0.49783441
74 80 1.46085203
74 88 0.62104708
74 95 0.72612959
75 76 1.53257763
75 85 1.29899764
75 96 1.32546139
76 82 0.26960647
76 94 1.28510022
77 78 1.14508092
77 84 1.09675765
78 79 0.02649636
79 80 0.79171675
79 92 0.56180292
79 93 0.42580590
79 95 0.46543360
80 87 0.23782341
80 89 1.20554614
80 92 0.85506016
81 93 0.81536669
82 88 1.51936817
82 90 1.64606369
83 87 0.82694238
83 95 1.24684489
84 88 1.73722744
85 90 1.52225709
85 99 0.42166886
86 87 0.59309155
86 97 1.84549224
87 90 1.34842312
87 95 1.03084588
87 99 1.42689514
89 91 1.12053728
89 97 1.94648635
89 99 0.18672089
91 92 0.22341770
91 99 0.33988249
95 97 1.44042432
95 98 1.04261458
